standard_primes =  [
    3, 7, 31, 127, 8191, 131071, 524287, 2147483647, 2305843009213693951,
    618970019642690137449562111, 162259276829213363391578010288127,
    170141183460469231731687303715884105727,
    115792089237316195423570985008687907853269984665640564039457584007913129640233,
    2135987035920910082395021706169552114602704522356652769947041607822219725780640550022962086936603,
    39402006196394479212279040100143613805079739270465446667948293404245721771497210611414266254884915640806627990307047,
    6864797660130609714981900799081393217269435300143305409394463459185543183397656052122559640661454554977296311391480858037121987999716643812574028291115057151,
    531137992816767098689588206552468627329593117727031923199444138200403559860852242739162502265229285668889329486246501015346579337652707239409519978766587351943831270835393219031728127,
    10407932194664399081925240327364085538615262247266704805319112350403608059673360298012239441732324184842421613954281007791383566248323464908139906605677320762924129509389220345773183349661583550472959420547689811211693677147548478866962501384438260291732348885311160828538416585028255604666224831890918801847068222203140521026698435488732958028878050869736186900714720710555703168729087,
    30644239997291765636774701186659472338394705023285102771491762567474552333298660123638498995959860431818544659984249826950780135804123377650483562770803274562545756783178758619773957326661841376521474699664924478653970019799674788977988604080704038926938812429175312820645211194789493637281534896333898316061884087106353058503831588222982954410741013544790984211944962336188212258448693600271481008932145263040887057015529313086917679781356622842164903787897939810513653200440788678882073490804544311239448607720818594313032769686833838467374315669670744854719696510459658306679805564644205770359002274925780161450517,
    21558862835670384053110995496573896882840541276541121666153866260157161506739786559161920039436047331972714005430675731738724262540255740365795367242479163713037088946272745797664284016662101450144210800371900186300800677692824415995595805745277558066783279230607589975480605994788420235079063211825009342361023419852127697019651969192193085126248131090430948443903021771217359913966058850370695665377523343218353114809547838952155073066479674788267516414428544662498566942291740056050297318650831330567576379207392620655548761936852921469967372815117884747670225445551390041949896884549355811220483018404947553925241,
    29390728080102950433596542055349996541910914225379213747402915201241864488191408088538393387268463231567806053060288729878331499636301503317537333926491648972377702479414028202435901616458296806875206208932249928181766647559003196880117713983859736182348981175873291805792569271432532229801811041048610448019016806095442346731999226247355495435500541866862533473630081130862370184227587621704038689814381868923229025736031822310880019929555915365106797369647876101620194212070354133636316500132364694720695419815570693223262690375983053493918638144188880371311092093248315861163379759855223766480678654241188811153533,
    243397999576501285515070169331577993903989891292336593226827110977080183796774022249720329988412013733598804052826143109081473924114141651098196990168208693421939276025367533590063657191863838120834382577189284705015248967708499676808658266784765475941297399381924159352883154841850923482121283770943927318222746155955175298231542982319612146222655520386883977024811955622754030025125034666541131214900346811855879738510500494175803919923430340819170205390956015544042763762812471685894599340920671258363727329132020142393127341587172829120917678609731753242093966063948780928708055289423439767210396522719814244791520000468793719411608284062350350140959783304518925018648453319549925777614272005251271084753659363404716603309717910864993753703644826841141724157811602329,
    421976463766903799881872766271425097921002776745518295660021290642925584837494148409056823966652287248058862532134797757392436708697266665189182855086364658586259096769359498677690008193220551015917434542945499304052465541984451397360512135382089948171219998250047928134998753962720323568962953665892027677653917659545165685005808483924772636615984603360236785937815275022602971802019983465822996000038143250419291117601571665235968002670258821447707427632896623844045965841938414431800153838105470847677051728361273192652514633921434961581237547780735059929831453802986946782477710679448031175261512669238061519126016723210910717021880350877117571980938074103199998946207191568820747601139310136852182843616708566595980983383031113901625701693145420767873659712197250267,
    330987309339323812740773235685640677137533019335009149228589966603850633534666457747130669850966595506598878705212460844888868394537008070918540704355667090866777462095342446850918410328660611049166167228776170911157055917966062948320663593594092047493674503948599898785316698532782681504003743399189518114220029496949724730065720238086201060144657483878920591692751983707377193902213988878770786848613365749598013010303055485074692820326109245461506461078643663808348083103388007207987093838943088224197157681940279661125290818721241661110336244657744731574105642533539697465209481951271634613507176206469368755992640234074784184229933021725281085629851051254804405844779377650581224549375050675584164863134326433227322589479979826975632203129941987934979035463359222799,
    5175540582884392376532717456857932081162255627344866291019837098062296068605092168375768150019324279526979224568860516623879957802792820616507823448910725789360347411098392913331596971342689854502384340607474828885182046671634175602013405015314983910055624302015139138976624698200363613801122102917877084503284959926980019405933928774003328459538052400946956183790722220133164931976235642961337917126912519308766978980377630458468868373821714748384481314665432730604013260808978919231390668909187173539218357964101004223079152582168134609948040374335408163748273342002430355939408454428107268003597654244576657396119815446549605869428292634102796248040552578917517868875129982411998985435984824529635066109795045017799939262891190643316817776882822489838561384443409123609077315944387516380755192285087702867557895580297847103798314410990827405522266954719720611633783322540679826121574047794650614303486795009429002486453377,
    3232964004866526398489381786042064368488166722866769348329469512731463331226635941124591122836608939457760002205037335099147392241668974441601354127895303561932515834977203019491893248542818823243969860318930564134919342132481203907377445685024580488164451329520279771582585333923494801933302257291967605334304211547745410794389380170053697080926346261284272766165739426544207196858320004215151826014110291809229410618881021461168825275160119628176255909538786344634611093527075398107917422114842229592015192446965719359870662218199681826539656974308184330988360682145458894052823776199570781130418374085541660805400893392424977919349675529758369305725679009298267057534868696437702682095940267914326352175320090756964841160854116662131598817524634002914348594275562055034981665388680566512871279337253694928944010818136367990232882723046686492497190323018923696110281744558542146207791027696267233265587323679853436065044363,
    5481582559249536131479811316199467857181426283204348995134921445584592846112871122002702199673713382604783786811519199546335079689097600795336265441488892856379729194920254030952219467428989625058231066551658045106384313058200933824182559463656592850836666675811072459030176323346591194980351914045310043529953629889868806770768959956203952030525158058317677753727246358325007042356540003788711695345756581386397291212868791926133125037978552692326315861624745536580583415570013795441424530309525209661757623760633931701195072913172705398154405448721854716724846248721774645968193060607029986658436655266364403869473234454610188492827410741503050600016026582828483636411572616257395960825619980009236606154321870655496907791197549936300010211357500046691658368151640872106861536160319371039196312102769375730630528639418031176478486574696597412060956325035086764476639631652784812927153038936419192434716695590289177353999037
    ]
